19.1144
35364.3
376.826
352.251
406.863
311.291
248.487
319.483
333.136
267.601
292.177
202.066
338.598
281.254
349.52
382.288
374.096
404.132
379.557
401.402
415.055
349.52
415.055
393.21
363.173
335.867
398.671
365.904
434.169
412.324
420.516
308.561
409.594
445.092
431.439
477.859
445.092
425.978
475.129
453.284
480.59
505.166
447.822
374.096
447.822
480.59
496.974
434.169
496.974
420.516
491.512
475.129
363.173
461.476
365.904
502.435
346.789
409.594
439.631
360.442
406.863
425.978
598.007
469.668
431.439
554.317
409.594
447.822
434.169
445.092
456.014
401.402
415.055
450.553
475.129
442.361
425.978
445.092
464.206
409.594
393.21
368.634
494.243
464.206
417.786
442.361
447.822
371.365
496.974
521.549
379.557
469.668
423.247
412.324
393.21
363.173
382.288
499.704
456.014
393.21
505.166
379.557
464.206
425.978
330.406
486.051
398.671
417.786
434.169
434.169
398.671
415.055
428.708
466.937
308.561
488.782
382.288
518.819
507.896
390.479
425.978
379.557
425.978
379.557
431.439
456.014
401.402
415.055
496.974
393.21
464.206
486.051
398.671
458.745
442.361
499.704
442.361
450.553
475.129
379.557
447.822
450.553
480.59
439.631
374.096
382.288
458.745
398.671
409.594
450.553
374.096
387.749
562.509
456.014
477.859
480.59
412.324
456.014
376.826
420.516
409.594
439.631
445.092
453.284
488.782
434.169
461.476
406.863
461.476
505.166
475.129
398.671
393.21
442.361
458.745
425.978
434.169
477.859
431.439
406.863
428.708
499.704
439.631
415.055
464.206
406.863
374.096
524.28
352.251
442.361
464.206
357.712
420.516
456.014
425.978
415.055
387.749
382.288
395.941
417.786
434.169
434.169
469.668
423.247
344.059
461.476
415.055
379.557
439.631
436.9
360.442
415.055
464.206
439.631
423.247
393.21
431.439
464.206
420.516
434.169
513.357
483.321
439.631
469.668
483.321
409.594
439.631
344.059
464.206
480.59
491.512
499.704
475.129
425.978
513.357
412.324
521.549
472.398
521.549
415.055
431.439
374.096
442.361
472.398
466.937
390.479
371.365
428.708
382.288
390.479
461.476
486.051
406.863
513.357
379.557
357.712
404.132
546.125
456.014
447.822
346.789
420.516
330.406
502.435
447.822
428.708
415.055
447.822
393.21
374.096
428.708
417.786
469.668
404.132
436.9
420.516
450.553
461.476
456.014
368.634
423.247
428.708
417.786
420.516
502.435
423.247
488.782
436.9
401.402
469.668
510.627
461.476
406.863
434.169
393.21
395.941
461.476
461.476
387.749
385.018
420.516
385.018
486.051
464.206
379.557
431.439
439.631
461.476
330.406
475.129
439.631
439.631
483.321
374.096
382.288
447.822
472.398
401.402
461.476
469.668
357.712
428.708
387.749
401.402
464.206
469.668
469.668
466.937
420.516
453.284
425.978
420.516
395.941
507.896
434.169
406.863
395.941
374.096
450.553
472.398
461.476
385.018
499.704
453.284
439.631
480.59
450.553
480.59
434.169
464.206
428.708
453.284
382.288
393.21
395.941
423.247
505.166
456.014
363.173
450.553
466.937
395.941
395.941
368.634
385.018
330.406
415.055
409.594
450.553
428.708
496.974
445.092
393.21
425.978
398.671
456.014
368.634
431.439
439.631
425.978
431.439
409.594
466.937
308.561
466.937
436.9
423.247
445.092
494.243
423.247
483.321
436.9
431.439
453.284
390.479
425.978
401.402
488.782
464.206
374.096
371.365
458.745
436.9
466.937
439.631
434.169
499.704
357.712
625.313
436.9
425.978
423.247
415.055
507.896
510.627
445.092
453.284
502.435
436.9
436.9
447.822
483.321
488.782
510.627
425.978
439.631
469.668
507.896
461.476
507.896
371.365
431.439
453.284
516.088
475.129
420.516
428.708
480.59
499.704
371.365
379.557
431.439
439.631
464.206
423.247
409.594
461.476
548.856
439.631
439.631
420.516
379.557
434.169
447.822
453.284
499.704
488.782
406.863
434.169
450.553
436.9
464.206
431.439
469.668
502.435
472.398
417.786
557.048
447.822
488.782
431.439
330.406
434.169
469.668
442.361
434.169
472.398
477.859
428.708
357.712
466.937
456.014
442.361
480.59
445.092
450.553
420.516
387.749
415.055
447.822
450.553
409.594
494.243
436.9
374.096
453.284
406.863
390.479
406.863
505.166
466.937
425.978
461.476
431.439
398.671
469.668
431.439
434.169
382.288
417.786
417.786
469.668
486.051
363.173
409.594
469.668
475.129
453.284
406.863
442.361
395.941
393.21
423.247
395.941
376.826
371.365
398.671
425.978
469.668
477.859
461.476
382.288
349.52
425.978
385.018
469.668
464.206
357.712
464.206
401.402
425.978
456.014
401.402
431.439
420.516
352.251
434.169
488.782
420.516
442.361
431.439
425.978
404.132
521.549
472.398
379.557
393.21
494.243
431.439
420.516
507.896
404.132
398.671
456.014
496.974
374.096
480.59
428.708
461.476
436.9
469.668
412.324
379.557
450.553
415.055
496.974
395.941
494.243
420.516
415.055
401.402
404.132
412.324
510.627
456.014
513.357
417.786
398.671
371.365
450.553
502.435
428.708
368.634
507.896
505.166
393.21
450.553
379.557
338.598
374.096
352.251
447.822
390.479
390.479
505.166
461.476
374.096
464.206
510.627
507.896
365.904
469.668
314.022
483.321
376.826
483.321
417.786
431.439
447.822
480.59
434.169
420.516
477.859
349.52
371.365
570.701
428.708
385.018
516.088
510.627
466.937
439.631
423.247
420.516
453.284
420.516
469.668
537.933
445.092
401.402
453.284
387.749
466.937
510.627
401.402
379.557
412.324
475.129
434.169
447.822
488.782
436.9
404.132
436.9
415.055
387.749
480.59
420.516
475.129
469.668
475.129
365.904
491.512
387.749
428.708
428.708
434.169
442.361
431.439
513.357
488.782
453.284
461.476
491.512
387.749
390.479
404.132
434.169
390.479
330.406
442.361
464.206
480.59
469.668
483.321
349.52
477.859
346.789
428.708
431.439
475.129
477.859
415.055
472.398
425.978
382.288
439.631
423.247
436.9
458.745
477.859
436.9
425.978
431.439
505.166
374.096
494.243
488.782
376.826
456.014
390.479
450.553
390.479
442.361
425.978
469.668
376.826
450.553
412.324
480.59
461.476
442.361
488.782
461.476
496.974
499.704
456.014
425.978
483.321
434.169
450.553
494.243
434.169
409.594
486.051
425.978
456.014
442.361
387.749
423.247
434.169
431.439
447.822
398.671
412.324
543.394
363.173
431.439
442.361
423.247
453.284
524.28
548.856
385.018
494.243
425.978
529.741
425.978
472.398
428.708
469.668
483.321
349.52
439.631
507.896
319.483
456.014
390.479
412.324
439.631
371.365
513.357
431.439
412.324
412.324
513.357
469.668
363.173
404.132
420.516
450.553
387.749
477.859
483.321
488.782
458.745
466.937
450.553
428.708
450.553
354.981
434.169
461.476
466.937
374.096
428.708
466.937
431.439
423.247
461.476
442.361
423.247
409.594
458.745
483.321
486.051
349.52
417.786
450.553
494.243
477.859
406.863
480.59
428.708
365.904
466.937
507.896
425.978
425.978
390.479
333.136
453.284
499.704
406.863
436.9
395.941
442.361
423.247
527.011
417.786
464.206
450.553
510.627
466.937
445.092
434.169
453.284
521.549
420.516
445.092
431.439
532.472
398.671
436.9
447.822
466.937
486.051
379.557
417.786
469.668
415.055
472.398
472.398
461.476
494.243
423.247
502.435
404.132
439.631
409.594
450.553
436.9
466.937
447.822
379.557
464.206
456.014
428.708
398.671
395.941
442.361
507.896
409.594
445.092
420.516
447.822
516.088
420.516
477.859
516.088
423.247
401.402
333.136
535.202
425.978
456.014
521.549
483.321
469.668
417.786
390.479
423.247
357.712
382.288
415.055
406.863
417.786
409.594
439.631
510.627
529.741
398.671
488.782
425.978
486.051
483.321
382.288
436.9
488.782
376.826
409.594
425.978
333.136
398.671
395.941
415.055
415.055
398.671
507.896
406.863
434.169
505.166
406.863
447.822
483.321
461.476
472.398
483.321
428.708
387.749
453.284
434.169
453.284
395.941
461.476
456.014
466.937
488.782
456.014
417.786
447.822
464.206
436.9
445.092
480.59
472.398
442.361
398.671
472.398
475.129
365.904
488.782
436.9
379.557
456.014
464.206
524.28
398.671
466.937
499.704
344.059
450.553
453.284
344.059
420.516
425.978
395.941
450.553
477.859
458.745
453.284
461.476
428.708
513.357
431.439
415.055
335.867
458.745
461.476
491.512
445.092
447.822
436.9
374.096
486.051
450.553
398.671
431.439
461.476
423.247
450.553
409.594
428.708
510.627
516.088
456.014
434.169
425.978
434.169
472.398
357.712
505.166
428.708
461.476
499.704
483.321
469.668
450.553
469.668
425.978
395.941
483.321
527.011
466.937
466.937
472.398
456.014
417.786
412.324
425.978
483.321
578.893
368.634
395.941
425.978
398.671
346.789
368.634
494.243
453.284
445.092
423.247
401.402
434.169
453.284
420.516
390.479
401.402
417.786
450.553
439.631
439.631
494.243
461.476
477.859
510.627
472.398
524.28
450.553
425.978
374.096
439.631
595.276
434.169
382.288
382.288
428.708
447.822
420.516
379.557
393.21
447.822
431.439
404.132
434.169
398.671
464.206
447.822
398.671
442.361
374.096
398.671
417.786
529.741
406.863
535.202
409.594
570.701
505.166
453.284
390.479
401.402
436.9
442.361
469.668
447.822
488.782
458.745
417.786
431.439
436.9
518.819
428.708
456.014
382.288
475.129
456.014
425.978
466.937
425.978
458.745
406.863
404.132
398.671
390.479
428.708
469.668
434.169
406.863
445.092
420.516
406.863
477.859
494.243
469.668
464.206
417.786
537.933
453.284
445.092
499.704
442.361
469.668
395.941
344.059
412.324
524.28
469.668
395.941
406.863
417.786
439.631
461.476
425.978
371.365
425.978
363.173
518.819
423.247
439.631
524.28
466.937
425.978
417.786
461.476
354.981
431.439
557.048
475.129
505.166
423.247
382.288
423.247
543.394
406.863
464.206
461.476
425.978
447.822
423.247
415.055
499.704
466.937
461.476
412.324
376.826
431.439
368.634
379.557
390.479
540.664
395.941
510.627
395.941
461.476
368.634
483.321
352.251
395.941
409.594
475.129
404.132
505.166
535.202
535.202
371.365
442.361
393.21
439.631
466.937
428.708
395.941
461.476
491.512
390.479
436.9
466.937
431.439
401.402
475.129
499.704
385.018
480.59
450.553
562.509
513.357
469.668
461.476
458.745
486.051
494.243
420.516
496.974
453.284
475.129
406.863
464.206
453.284
447.822
387.749
447.822
445.092
458.745
404.132
423.247
447.822
464.206
524.28
393.21
464.206
371.365
417.786
404.132
469.668
406.863
354.981
365.904
412.324
505.166
434.169
395.941
442.361
417.786
480.59
466.937
393.21
439.631
469.668
491.512
423.247
434.169
415.055
453.284
393.21
423.247
360.442
360.442
423.247
434.169
401.402
483.321
431.439
442.361
499.704
483.321
439.631
458.745
472.398
439.631
401.402
453.284
469.668
466.937
425.978
469.668
434.169
395.941
415.055
401.402
409.594
456.014
406.863
431.439
445.092
387.749
557.048
445.092
442.361
445.092
445.092
423.247
398.671
420.516
417.786
365.904
354.981
338.598
406.863
417.786
363.173
412.324
420.516
417.786
466.937
382.288
469.668
412.324
436.9
376.826
439.631
456.014
412.324
363.173
442.361
431.439
431.439
464.206
458.745
420.516
417.786
475.129
483.321
540.664
436.9
483.321
395.941
486.051
349.52
357.712
436.9
513.357
382.288
529.741
483.321
480.59
434.169
385.018
434.169
423.247
395.941
344.059
456.014
447.822
406.863
475.129
491.512
423.247
346.789
398.671
428.708
371.365
363.173
324.944
341.328
469.668
521.549
472.398
472.398
442.361
428.708
363.173
488.782
431.439
398.671
442.361
423.247
417.786
406.863
461.476
436.9
453.284
357.712
431.439
434.169
374.096
390.479
464.206
379.557
461.476
406.863
436.9
406.863
412.324
442.361
431.439
447.822
390.479
431.439
445.092
486.051
431.439
521.549
450.553
494.243
382.288
436.9
442.361
346.789
496.974
420.516
436.9
445.092
385.018
395.941
401.402
409.594
434.169
368.634
439.631
453.284
365.904
428.708
393.21
442.361
428.708
469.668
453.284
404.132
395.941
450.553
483.321
368.634
477.859
456.014
445.092
480.59
341.328
425.978
442.361
406.863
434.169
428.708
505.166
439.631
466.937
510.627
445.092
436.9
445.092
461.476
382.288
374.096
456.014
434.169
461.476
385.018
483.321
548.856
434.169
382.288
420.516
434.169
387.749
382.288
445.092
447.822
393.21
387.749
431.439
365.904
466.937
415.055
395.941
425.978
469.668
559.778
445.092
453.284
535.202
445.092
445.092
445.092
434.169
453.284
395.941
423.247
453.284
445.092
464.206
529.741
431.439
469.668
450.553
439.631
371.365
516.088
395.941
404.132
371.365
425.978
390.479
496.974
461.476
423.247
401.402
420.516
480.59
450.553
434.169
456.014
494.243
477.859
434.169
450.553
486.051
357.712
423.247
333.136
439.631
382.288
532.472
335.867
483.321
442.361
475.129
494.243
398.671
425.978
425.978
415.055
450.553
395.941
425.978
502.435
423.247
551.586
409.594
431.439
417.786
382.288
464.206
406.863
420.516
371.365
406.863
401.402
453.284
434.169
494.243
477.859
434.169
469.668
428.708
472.398
461.476
431.439
486.051
420.516
442.361
409.594
442.361
456.014
368.634
436.9
398.671
469.668
382.288
447.822
466.937
447.822
494.243
458.745
453.284
387.749
420.516
382.288
436.9
458.745
453.284
453.284
434.169
456.014
606.199
548.856
450.553
409.594
393.21
428.708
475.129
376.826
488.782
488.782
469.668
395.941
442.361
376.826
450.553
475.129
390.479
491.512
464.206
436.9
461.476
365.904
535.202
385.018
420.516
475.129
475.129
472.398
387.749
505.166
447.822
456.014
456.014
483.321
417.786
445.092
483.321
434.169
442.361
453.284
488.782
488.782
461.476
434.169
417.786
395.941
423.247
417.786
488.782
442.361
466.937
434.169
393.21
423.247
472.398
469.668
442.361
363.173
398.671
406.863
434.169
439.631
461.476
368.634
412.324
374.096
406.863
409.594
363.173
450.553
453.284
464.206
425.978
450.553
461.476
494.243
461.476
458.745
447.822
466.937
393.21
404.132
469.668
371.365
469.668
496.974
524.28
406.863
456.014
436.9
469.668
461.476
442.361
483.321
445.092
450.553
439.631
507.896
363.173
475.129
338.598
513.357
466.937
401.402
439.631
453.284
453.284
464.206
453.284
434.169
540.664
439.631
404.132
458.745
354.981
466.937
365.904
409.594
406.863
395.941
477.859
376.826
357.712
475.129
425.978
469.668
469.668
491.512
507.896
439.631
486.051
439.631
431.439
352.251
398.671
423.247
466.937
453.284
436.9
453.284
393.21
360.442
537.933
510.627
431.439
349.52
456.014
409.594
521.549
472.398
436.9
439.631
472.398
477.859
395.941
393.21
387.749
390.479
401.402
442.361
382.288
472.398
499.704
450.553
475.129
480.59
461.476
469.668
420.516
453.284
472.398
376.826
417.786
398.671
412.324
529.741
461.476
431.439
464.206
475.129
374.096
385.018
548.856
376.826
417.786
469.668
516.088
346.789
393.21
439.631
477.859
390.479
423.247
472.398
434.169
335.867
450.553
450.553
401.402
450.553
406.863
425.978
469.668
371.365
505.166
409.594
428.708
434.169
469.668
505.166
469.668
469.668
466.937
477.859
425.978
365.904
390.479
423.247
461.476
431.439
409.594
466.937
464.206
371.365
439.631
450.553
406.863
412.324
376.826
395.941
376.826
354.981
425.978
445.092
513.357
502.435
499.704
472.398
428.708
527.011
382.288
415.055
456.014
453.284
475.129
382.288
393.21
401.402
431.439
472.398
439.631
439.631
412.324
365.904
499.704
434.169
431.439
434.169
341.328
499.704
505.166
450.553
469.668
456.014
425.978
442.361
431.439
445.092
423.247
423.247
376.826
486.051
398.671
469.668
357.712
447.822
436.9
494.243
453.284
461.476
472.398
458.745
425.978
486.051
461.476
406.863
516.088
406.863
393.21
401.402
505.166
529.741
464.206
431.439
434.169
458.745
486.051
445.092
420.516
420.516
387.749
445.092
442.361
393.21
548.856
532.472
425.978
436.9
368.634
540.664
346.789
412.324
436.9
513.357
475.129
442.361
461.476
436.9
415.055
450.553
464.206
458.745
420.516
412.324
461.476
453.284
469.668
412.324
409.594
406.863
423.247
387.749
401.402
486.051
371.365
425.978
406.863
436.9
395.941
488.782
395.941
456.014
461.476
447.822
379.557
382.288
398.671
434.169
447.822
406.863
439.631
387.749
447.822
491.512
486.051
401.402
390.479
420.516
398.671
450.553
450.553
420.516
442.361
442.361
472.398
507.896
406.863
450.553
374.096
505.166
453.284
445.092
578.893
477.859
472.398
469.668
434.169
486.051
453.284
423.247
409.594
456.014
428.708
480.59
417.786
510.627
374.096
412.324
453.284
382.288
398.671
374.096
415.055
398.671
436.9
488.782
469.668
374.096
374.096
387.749
488.782
548.856
387.749
461.476
488.782
464.206
450.553
483.321
420.516
420.516
406.863
344.059
423.247
507.896
401.402
409.594
453.284
464.206
415.055
412.324
423.247
425.978
458.745
401.402
486.051
461.476
529.741
475.129
456.014
502.435
527.011
461.476
371.365
436.9
450.553
469.668
436.9
491.512
316.752
439.631
453.284
434.169
393.21
464.206
393.21
404.132
436.9
477.859
442.361
434.169
456.014
423.247
483.321
425.978
390.479
505.166
395.941
420.516
464.206
442.361
450.553
434.169
436.9
412.324
472.398
406.863
412.324
434.169
423.247
496.974
477.859
447.822
458.745
409.594
401.402
423.247
